0.13203125000000002
0.15234375
0.19296875
0.21328125
0.23359375000000002
0.26406250000000003
0.29453125
0.31484375000000003
0.3453125
0.37578125
0.39609375
0.4265625
0.446875
0.47734375
0.49765625
0.51796875
0.53828125
0.55859375
0.5890625
0.59921875
0.6296875000000001
0.63984375
0.6804687500000001
0.70078125
0.72109375
0.7515625
0.771875
0.80234375
0.82265625
0.84296875
0.86328125
0.8835937500000001
0.90390625
0.92421875
0.94453125
0.96484375
0.9851562500000001
1.0054687500000001
1.02578125
1.04609375
1.06640625
1.08671875
1.1070312500000001
1.12734375
1.14765625
1.1578125000000001
1.178125
1.1984375
1.2085937500000001
1.22890625
1.24921875
1.2593750000000001
1.2796875
1.28984375
1.3203125
1.340625
1.3609375000000001
1.38125
1.4015625
1.421875
1.4421875
1.45234375
1.4828125
1.49296875
1.5132812500000001
1.53359375
1.55390625
1.5640625000000001
1.584375
1.59453125
1.6148437500000001
1.63515625
1.65546875
1.67578125
1.69609375
1.70625
1.7265625
1.73671875
1.75703125
1.7671875000000001
1.77734375
1.79765625
1.8179687500000001
1.828125
1.83828125
1.85859375
1.85859375
1.87890625
1.8890625
1.89921875
1.9195312500000001
1.9296875
1.93984375
1.96015625
1.9703125000000001
1.98046875
2.00078125
2.0109375000000003
2.02109375
2.04140625
2.0515625
2.0617187500000003
2.071875
2.08203125
2.0921875
2.10234375
2.10234375
2.1125000000000003
2.1125000000000003
2.0921875
2.08203125
2.071875
2.0617187500000003
2.0515625
2.04140625
2.04140625
2.03125
2.03125
2.02109375
2.0109375000000003
2.0109375000000003
2.00078125
2.00078125
1.990625
1.990625
1.990625
1.98046875
1.98046875
1.98046875
1.9703125000000001
1.9703125000000001
1.9703125000000001
1.9703125000000001
1.96015625
1.96015625
1.96015625
1.96015625
1.96015625
1.9500000000000002
1.9500000000000002
1.9500000000000002
1.9500000000000002
1.9500000000000002
1.9500000000000002
1.9500000000000002
1.9500000000000002
1.9500000000000002
1.9500000000000002
1.9500000000000002
1.9500000000000002
1.9500000000000002
1.9500000000000002
1.9500000000000002
1.9500000000000002
1.9296875
1.9296875
1.9195312500000001
1.9195312500000001
1.909375
1.909375
1.89921875
1.89921875
1.8890625
1.8890625
1.87890625
1.87890625
1.8687500000000001
1.8687500000000001
1.8687500000000001
1.8687500000000001
1.85859375
1.85859375
1.8484375
1.8484375
1.8484375
1.83828125
1.83828125
1.83828125
1.828125
1.828125
1.828125
1.828125
1.828125
1.8179687500000001
1.8179687500000001
1.8179687500000001
1.8179687500000001
1.8078125
1.8078125
1.8078125
1.8078125
1.8078125
1.8078125
1.8078125
1.79765625
1.79765625
1.79765625
1.79765625
1.79765625
1.79765625
1.79765625
1.79765625
1.79765625
1.7875
1.7875
1.7875
1.7875
1.7875
1.7875
1.7875
1.7875
1.7875
1.7875
1.7875
1.7875
1.7875
1.7875
1.7875
1.7875
1.7875
1.7875
1.7875
1.7875
1.7875
1.7875
1.7875
1.77734375
1.77734375
1.77734375
1.7671875000000001
1.7671875000000001
1.7671875000000001
1.7671875000000001
1.75703125
1.75703125
1.75703125
1.75703125
1.746875
1.746875
1.746875
1.746875
1.746875
1.746875
1.746875
1.73671875
1.73671875
1.73671875
1.73671875
1.73671875
1.73671875
1.73671875
1.7265625
1.7265625
1.7265625
1.7265625
1.7265625
1.7265625
1.7265625
1.7265625
1.7265625
1.7265625
1.7265625
1.7265625
1.7265625
1.7265625
1.7265625
1.7265625
1.7164062500000001