60
60
60
61
62
63
63
63
63
63
63
63
63
63
63
63
63
63
63
63
63
63
63
63
63
63
63
76
76
77
78
79
79
79
79
79
79
82
83
83
84
85
86
87
88
88
88
89
89
91
92
92
96
96
96
96
96
96
97
97
99
99
99
100
101
102
102
103
103
103
104
105
105
106
107
108
112
112
112
112
112
112
112
112
113
113
114
115
115
115
116
117
117
120
120
120
120
120
120
121
121
122
122
124
124
124
124
125
126
126
126
127
127
127
128
129
129
131
131
131
131
133
134
135
135
135
135
135
138
139
139
140
140
141
142
143
143
143
143
143
143
143
143
143
143
143
148
149
150
150
151
152
152
152
153
153
154
155
156
156
156
156
157
158
158
159
159
159
159
159
159
159
159
159
159
159
159
163
163
165
166
166
167
167
167
167
167
169
169
170
171
171
172
172
172
173
174
176
176
176
176
176
176
176
177
177
178
179
179
179
179
192
192
182
192
192
192
192
192
192
192
192
192
192
192
192
192
192
192
192
192
192
192
193
193
193
194
195
195
195
195
196
197
198
198
198
199
199
199
199
199
199
199
199
201
201
202
203
203
203
204
204
204
204
204
205
205
206
206
206
206
207
206
206
206
205
205
204
204
204
204
204
203
203
202
202
202
201
201
201
199
199
199
199
199
199
199
199
199
199
199
199
198
198
198
198
198
198
197
197
197
197
197
196
196
195
195
195
195
195
195
195
195
195
195
195
195
195
195
195
195
195
194
194
194
194
194
193
193
193
193
193
193
193
193
193
193
193
193
193
193
193
193
193
193
193
192